
[image]

width
1280

height
720

[narrow_stereo]

camera matrix
958.161808 0.000000 623.857487
0.000000 957.961489 341.338891
0.000000 0.000000 1.000000

distortion
0.023690 -0.099920 -0.004501 -0.001138 0.000000

rectification
1.000000 0.000000 0.000000
0.000000 1.000000 0.000000
0.000000 0.000000 1.000000

projection
947.927368 0.000000 620.696341 0.000000
0.000000 957.704712 338.862241 0.000000
0.000000 0.000000 1.000000 0.000000

D = [0.02376602143032185, -0.10002354968432288, -0.00449646666267152, -0.0011463699510202503, 0.0]
K = [958.1473741606654, 0.0, 623.8704658166208, 0.0, 957.9545623729651, 341.32457454747305, 0.0, 0.0, 1.0]
R = [1.0, 0.0, 0.0, 0.0, 1.0, 0.0, 0.0, 0.0, 1.0]
P = [947.9240112304688, 0.0, 620.6980414434838, 0.0, 0.0, 957.7098388671875, 338.848357419447, 0.0, 0.0, 0.0, 1.0, 0.0]

