D = [0.031774227108530714, -0.10911529196657409, -0.0019258781422799086, -0.0001166385797356072, 0.0]
K = [642.2258516694882, 0.0, 335.3196976014002, 0.0, 643.0549226236262, 236.30269108687042, 0.0, 0.0, 1.0]
R = [1.0, 0.0, 0.0, 0.0, 1.0, 0.0, 0.0, 0.0, 1.0]
P = [642.0238647460938, 0.0, 334.9227805848823, 0.0, 0.0, 643.1954345703125, 235.28023390495582, 0.0, 0.0, 0.0, 1.0, 0.0]
None
# oST version 5.0 parameters


[image]

width
640

height
480

[narrow_stereo]

camera matrix
642.225852 0.000000 335.319698
0.000000 643.054923 236.302691
0.000000 0.000000 1.000000

distortion
0.031774 -0.109115 -0.001926 -0.000117 0.000000

rectification
1.000000 0.000000 0.000000
0.000000 1.000000 0.000000
0.000000 0.000000 1.000000

projection
642.023865 0.000000 334.922781 0.000000
0.000000 643.195435 235.280234 0.000000
0.000000 0.000000 1.000000 0.000000