mono pinhole calibration...
D = [0.015017686937468034, -0.04238189255028694, -0.0003723694257788695, -6.113797005110137e-05, 0.0]
K = [647.9319374670706, 0.0, 328.96329826681097, 0.0, 648.9652692003382, 215.73504251856843, 0.0, 0.0, 1.0]
R = [1.0, 0.0, 0.0, 0.0, 1.0, 0.0, 0.0, 0.0, 1.0]
P = [647.67138671875, 0.0, 328.44588687090436, 0.0, 0.0, 648.4509887695312, 215.17485057086378, 0.0, 0.0, 0.0, 1.0, 0.0]
None
# oST version 5.0 parameters


[image]

width
640

height
480

[narrow_stereo]

camera matrix
647.931937 0.000000 328.963298
0.000000 648.965269 215.735043
0.000000 0.000000 1.000000

distortion
0.015018 -0.042382 -0.000372 -0.000061 0.000000

rectification
1.000000 0.000000 0.000000
0.000000 1.000000 0.000000
0.000000 0.000000 1.000000

projection
647.671387 0.000000 328.445887 0.000000
0.000000 648.450989 215.174851 0.000000
0.000000 0.000000 1.000000 0.000000